814369
44858413
4182285
21709897
41206017
5335386
1030679
16304822
12029147
2140526
50076858
32790804
275785
28359571
17787986
135147
19641303
37948079
37205255
14937363
19385579
38142404
53404
17301595
41196718
22065660
43229291
46286633
34199839
38157564
44484514
42774894
39257277
41832275
53997744
34608454
44136274
43908110
42364804
2277898
35334407
35548539
25648706
51241318
29261988
36753962
52137924
40246269
1706563
16298499
21998692
18385776
21259169
30049955
32008797
51746220
49201980
45299661
36506351
54893959
50972986
24745657
25509492
37691495
35846154
20650207
45804972
37389859
4239399
21412721
35846150
42297322
45804975
25017479
19152652
4666891
17829885
42297311
38751059
31841991
33420354
42199624
45679777
41610204
2721792
1649324
33420356
2721806
43764599
41610155
2721714
42943883
43376766
46842578
361425
852427
2721716
28807649
18797825
30168305
28213677
41333728
665493
35628808
28223972
21650123
37883254
19977951
665501
35459132
24938748
31981261
28260079
29732355
2002668
35459157
38665953
20318696
40007997
17530540
5463850
44121937
23704524
8841543
38807013
29441084
21998033
21779170
48065139
16399016
32336795
48464308
35076856
26388467
35846153
665492
10315570
651351
2841625
370429
365619
694683
147965
6705392
178529
628686
137670
7786
36479667
135075
33138390
214311
48064668
10186570
418010
629651
646516
22849706
43268408
41334734
761789
44423772
328683
637095
29611476
41029046
9976316
36667872
47683288
24669676
40037314
50246036
42668664
42922683
15495733
15495732
15495734
15495730
15495731
23851376
29544272
932871
40829600
28839595
42197229
42922683
15495733
45674373
55325682
56784128
53728160
23109306
33371582
36349607
30546064
36125031
576953
10086224
42043213
55452952
38108282
25779401
19352839
51571725
19749620
24236108
19972071
16892539
46467971
85550
6995072
674095
19919064
26790968
37615
1707072
35463227
57117077
35398577
41178255
33019972
26920739
24111449
49915603
31726050
34134227
35036549
53447097
58514781
56157691
44435409
19981188
34260170
30248062
41876507
46903717
50909891
53273466
25358354
41655928
25796101
56157643
45788378
52715478
55567995
14422944
